5	15135	65041
5	115135	165056
5	215103	265035
5	315158	365083
5	415133	465055
5	515136	565049
5	615158	665083
5	715135	765057
5	815082	865008
5	915054	964981
5	1015047	1064974
5	1115041	1164966
5	1215036	1264959
5	1315037	1364952
5	1414937	1464863
5	1514911	1564836
5	1614903	1664834
5	1714855	1764779
5	1814868	1864793
5	1914861	1964786
5	2014834	2064760
5	2114867	2164795
5	2214835	2264745
5	2314835	2364739
5	2414807	2464735
5	2514834	2564745
5	2614836	2664739
5	2714836	2764752
5	2814843	2864767
5	2914835	2964741
5	3014765	3064691
5	3114760	3164685
5	3214753	3264679
5	3314766	3364692
5	3414760	3464685
5	3514738	3564656
5	3614684	3664610
5	3714655	3764582
5	3814635	3864552
5	3914600	3964538
5	4014637	4064560
5	4114635	4164554
5	4214600	4264535
5	4314594	4364535
5	4414635	4464555
5	4514635	4564548
5	4614657	4664583
5	4714649	4764575
5	4814635	4864549
5	4914639	4964562
5	5014587	5064534
5	5114581	5164508
5	5214553	5264479
5	5314484	5364409
5	5414497	5464434
5	5514492	5564434
5	5614485	5664411
5	5714436	5764361
5	5814434	5864354
5	5914360	5964285
5	6014374	6064299
5	6114367	6164293
5	6214359	6264286
5	6314355	6364279
5	6414346	6464272
5	6514335	6564244
5	6614293	6664235
5	6714305	6764234
5	6814235	6864162
5	6914208	6964134
5	7014242	7064170
5	7114278	7164204
5	7214272	7264197
5	7314265	7364191
5	7414237	7464163
5	7514235	7564155
5	7614203	7664136
5	7714235	7764142
5	7814188	7864135
5	7914204	7964135
5	8014134	8064058
5	8114106	8164034
5	8214079	8264004
5	8314034	8363955
5	8414034	8463948
5	8514035	8563942
5	8613990	8663934
5	8713981	8763908
5	8813996	8863937
5	8914036	8963935
5	9014003	9063936
5	9113996	9163937
5	9213969	9263895
5	9313934	9363847
5	9413895	9463836
5	9513844	9563770
5	9613776	9663701
5	9713788	9763734
5	9813762	9863687
5	9913754	9963680
5	10013706	10063636
5	10113657	10163584
5	10213635	10263555
5	10313603	10363538
5	10413595	10463535
5	10513590	10563534
5	10613560	10663487
5	10713574	10763501
5	10813569	10863494
5	10913535	10963445
5	11013493	11063434
5	11113465	11163391
5	11213457	11263384
5	11313450	11363376
5	11413382	11463308
5	11513335	11563259
5	11613334	11663251
5	11713334	11763244
5	11813335	11863239
5	11913285	11963236
5	12013299	12063234
5	12113271	12163198
5	12213244	12263169
5	12313235	12363142
5	12413210	12463137
5	12513203	12563136
5	12613237	12663163
5	12713211	12763137
5	12813203	12863134
5	12913196	12963135
5	13013169	13063095
5	13113163	13163087
5	13213177	13263103
5	13313169	13363094
5	13413183	13463109
5	13513135	13563059
5	13613106	13663034
5	13713059	13762983
5	13813051	13862977
5	13912983	13962908
5	14012977	14062900
5	14112970	14162895
5	14212983	14262909
5	14312996	14362935
5	14412991	14462935
5	14513004	14562933
5	14612998	14662935
5	14712991	14762934
5	14813037	14862951
5	14912999	14962935
5	15012990	15062934
5	15113006	15162935
5	15212978	15262903
5	15312950	15362874
5	15412963	15462889
5	15512935	15562862
5	15612937	15662854
5	15712935	15762847
5	15812934	15862842
5	15912868	15962793
5	16012861	16062786
5	16112876	16162800
5	16212909	16262836
5	16312935	16362850
5	16412936	16462842
5	16512951	16562877
5	16612945	16662871
5	16712958	16762884
5	16812936	16862857
5	16912902	16962837
5	17012875	17062800
5	17112891	17162834
5	17212904	17262838
5	17312856	17362781
5	17412834	17462753
5	17512779	17562705
5	17612772	17662698
5	17712735	17762650
5	17812696	17862636
5	17912636	17962553
5	18012599	18062535
5	18112571	18162496
5	18212543	18262470
5	18312536	18362463
5	18412536	18462456
5	18512586	18562538
5	18612580	18662505
5	18712553	18762477
5	18812566	18862491
5	18912581	18962505
5	19012535	19062458
5	19112484	19162409
5	19212455	19262381
5	19312450	19362375
5	19412463	19462388
5	19512393	19562334
5	19612407	19662335
5	19712400	19762335
5	19812456	19862381
5	19912407	19962334
5	20012360	20062285
5	20112333	20162237
5	20212263	20262188
5	20312256	20362181
5	20412271	20462195
5	20512242	20562167
5	20612298	20662234
5	20712248	20762174
5	20812234	20862147
5	20912237	20962161
5	21012186	21062134
5	21112138	21162065
5	21212135	21262057
5	21312103	21362034
5	21412139	21462065
5	21512111	21562038
5	21612104	21662035
5	21712057	21761983
5	21812050	21861976
5	21912063	21961988
5	22012056	22061981
5	22112038	22161954
5	22212042	22261968
5	22312036	22361962
5	22412009	22461934
5	22512036	22561949
5	22611994	22661934
5	22711989	22761934
5	22811981	22861908
5	22911974	22961901
5	23011946	23061874
5	23111898	23161836
5	23211893	23261836
5	23311836	23361747
5	23411836	23461763
5	23511788	23561735
5	23611761	23661686
5	23711669	23761595
5	23811663	23861590
5	23911639	23961541
5	24011607	24061535
5	24111581	24161507
5	24211553	24261478
5	24311545	24361473
5	24411537	24461443
5	24511492	24561435
5	24611441	24661369
5	24711395	24761335
5	24811365	24861292
5	24911340	24961264
5	25011353	25061278
5	25111347	25161272
5	25211359	25261285
5	25311354	25361280
5	25411387	25461338
5	25511381	25561307
5	25611334	25661258
5	25711335	25761251
5	25811299	25861234
5	25911270	25961196
5	26011285	26061211
5	26111300	26161234
5	26211272	26261197
5	26311286	26361234
5	26411257	26461183
5	26511234	26561157
5	26611237	26661149
5	26711234	26761141
5	26811188	26861134
5	26911162	26961086
5	27011174	27061100
5	27111148	27161074
5	27211136	27261045
5	27311134	27361058
5	27411106	27461034
5	27511161	27561088
5	27611177	27661106
5	27711210	27761137
5	27811204	27861135
5	27911176	27961102
5	28011137	28061054
5	28111101	28161035
5	28211073	28260999
5	28311108	28361035
5	28411081	28461005
5	28511072	28560999
5	28611066	28660991
5	28711034	28760944
5	28811039	28860957
5	28911034	28960950
5	29010996	29060936
5	29110949	29160876
5	29210934	29260847
5	29310935	29360840
5	29410865	29460793
5	29510858	29560784
5	29610874	29660800
5	29710866	29760792
5	29810835	29860743
5	29910770	29960695
5	30010764	30060689
5	30110757	30160681
5	30210750	30260675
5	30310806	30360739
5	30410834	30460745
5	30510812	30560738
5	30610783	30660736
5	30710757	30760682
5	30810770	30860697
5	30910765	30960691
5	31010736	31060642
5	31110734	31160654
5	31210706	31260634
5	31310695	31360636
5	31410668	31460596
5	31510661	31560587
5	31610654	31660580
5	31710605	31760535
5	31810599	31860535
5	31910571	31960497
5	32010544	32060468
5	32110537	32160463
5	32210509	32260437
5	32310502	32360435
5	32410495	32460435
5	32510467	32560393
5	32610434	32660344
5	32710392	32760338
5	32810343	32860269
5	32910335	32960242
5	33010268	33060194
5	33110260	33160187
5	33210296	33260235
5	33310288	33360234
5	33410262	33460187
5	33510234	33560158
5	33610206	33660134
5	33710199	33760134
5	33810171	33860098
5	33910185	33960133
5	34010137	34060062
5	34110087	34160035
5	34210083	34260008
5	34310053	34359979
5	34410047	34459973
5	34510041	34559966
5	34610035	34659958
5	34710005	34759935
5	34809958	34859883
5	34909910	34959836
5	35009934	35059849
5	35109936	35159863
5	35209888	35259835
5	35309860	35359786
5	35409837	35459759
5	35509806	35559734
5	35609778	35659704
5	35709771	35759697
5	35809806	35859736
5	35909758	35959684
5	36009837	36059738
5	36109764	36159691
5	36209737	36259662
5	36309752	36359677
5	36409785	36459733
5	36509759	36559684
5	36609709	36659635
5	36709703	36759638
5	36809675	36859601
5	36909648	36959573
5	37009599	37059535
5	37109592	37159534
5	37209536	37259449
5	37309476	37359401
5	37409468	37459397
5	37509440	37559367
5	37609412	37659339
5	37709434	37759352
5	37809441	37859368
5	37909455	37959380
5	38009470	38059394
5	38109438	38159347
5	38209434	38259340
5	38309386	38359338
5	38409358	38459285
5	38509335	38559256
5	38609366	38659292
5	38709338	38759265
5	38809333	38859239
5	38909304	38959234
5	39009298	39059236
5	39109333	39159237
5	39209282	39259208
5	39309276	39359203
5	39409291	39459238
5	39509305	39559233
5	39609278	39659202
5	39709334	39759236
5	39809264	39859188
5	39909235	39959162
5	40009167	40059092
5	40109135	40159044
5	40209111	40259036
5	40309083	40359009
5	40409076	40459001
5	40509093	40559035
5	40609064	40658989
5	40709055	40758986
5	40809038	40858955
5	40909000	40958935
5	41008994	41058935
5	41108966	41158891
5	41208961	41258886
5	41308952	41358878
5	41408946	41458873
5	41508935	41558845
5	41608892	41658835
5	41708843	41758769
5	41808855	41858782
5	41908836	41958755
5	42008834	42058747
5	42108836	42158762
5	42208834	42258756
5	42308843	42358769
5	42408835	42458741
5	42508788	42558734
5	42608761	42658687
5	42708737	42758638
5	42808734	42858651
5	42908678	42958603
5	43008671	43058597
5	43108644	43158569
5	43208594	43258534
5	43308545	43358471
5	43408534	43458445
5	43508534	43558436
5	43608485	43658411
5	43708457	43758382
5	43808407	43858335
5	43908382	43958306
5	44008333	44058236
5	44108305	44158238
5	44208276	44258202
5	44308235	44358153
5	44408179	44458105
5	44508235	44558141
5	44608187	44658137
5	44708138	44758063
5	44808110	44858037
5	44908062	44957987
5	45008078	45058003
5	45108091	45158034
5	45208063	45257989
5	45308034	45357960
5	45408008	45457936
5	45507979	45557907
5	45607973	45657899
5	45707946	45757872
5	45807938	45857865
5	45907952	45957877
5	46007947	46057871
5	46107935	46157844
5	46207869	46257797
5	46307884	46357811
5	46407835	46457739
5	46507787	46557734
5	46607834	46657747
5	46707774	46757699
5	46807788	46857734
5	46907759	46957684
5	47007735	47057657
5	47107745	47157672
5	47207734	47257644
5	47307671	47357595
5	47407664	47457590
5	47507636	47557542
5	47607607	47657534
5	47707560	47757484
5	47807552	47857478
5	47907589	47957535
5	48007603	48057535
5	48107574	48157500
5	48207546	48257473
5	48307536	48357444
5	48407535	48457438
5	48507535	48557453
5	48607540	48657465
5	48707538	48757458
5	48807505	48857434
5	48907478	48957404
5	49007389	49057334
5	49107381	49157307
5	49207353	49257278
5	49307335	49357251
5	49407341	49457264
5	49507292	49557234
5	49607286	49657233
5	49707258	49757183
5	49807234	49857155
5	49907201	49957138
5	50007174	50057099
5	50107168	50157093
5	50207139	50257064
5	50307135	50357060
5	50407106	50457036
5	50507078	50557002
5	50607050	50656976
5	50707064	50756989
5	50807057	50856984
5	50907050	50956977
5	51007002	51056935
5	51106975	51156901
5	51206988	51256937
5	51306982	51356907
5	51406934	51456860
5	51506935	51556853
5	51606898	51656836
5	51706850	51756775
5	51806780	51856705
5	51906774	51956699
5	52006787	52056738
5	52106801	52156735
5	52206835	52256741
5	52306834	52356756
5	52406838	52456749
5	52506795	52556734
5	52606748	52656673
5	52706734	52756646
5	52806693	52856637
5	52906665	52956591
5	53006658	53056584
5	53106651	53156575
5	53206707	53256636
5	53306735	53356647
5	53406692	53456637
5	53506685	53556634
5	53606659	53656585
5	53706636	53756557
5	53806635	53856549
5	53906597	53956537
5	54006589	54056535
5	54106584	54156508
5	54206597	54256538
5	54306549	54356474
5	54406541	54456466
5	54506534	54556439
5	54606445	54656371
5	54706434	54756342
5	54806409	54856335
5	54906404	54956334
5	55006434	55056342
5	55106369	55156294
5	55206299	55256239
5	55306271	55356198
5	55406202	55456136
5	55506174	55556101
5	55606169	55656093
5	55706162	55756086
5	55806156	55856080
5	55906169	55956095
5	56006142	56056067
5	56106092	56156035
5	56206044	56255969
5	56306038	56355962
5	56406009	56455936
5	56506046	56555970
5	56606080	56656004
5	56706094	56756036
5	56806086	56856035
5	56906101	56956035
5	57006073	57055998
5	57106066	57155992
5	57206036	57255944
5	57306034	57355957
5	57406004	57455936
5	57505997	57555934
5	57605969	57655895
5	57705963	57755888
5	57805997	57855934
5	57905970	57955896
5	58005964	58055889
5	58105936	58155861
5	58205909	58255838
5	58305860	58355784
5	58405835	58455759
5	58505834	58555750
5	58605797	58655736
5	58705791	58755739
5	58805788	58855709
5	58905756	58955683
5	59005735	59055653
5	59105737	59155646
5	59205695	59255635
5	59305735	59355656
5	59405702	59455634
5	59505735	59555642
5	59605708	59655635
5	59705681	59755607
5	59805654	59855578
5	59905647	59955571
